0 0.19921875 0.13046875 0.2921875 0.1921875
0 0.53515625 0.14296875 0.20078125 0.1671875
0 0.8296875 0.12421875 0.296875 0.2015625
0 0.18203125 0.35 0.24296875 0.20078125
0 0.5234375 0.359375 0.32578125 0.19921875
0 0.83046875 0.375 0.2203125 0.17890625
0 0.17890625 0.6125 0.25703125 0.1890625
0 0.5203125 0.6046875 0.2375 0.2078125
0 0.8359375 0.6109375 0.26875 0.21171875
0 0.1796875 0.84765625 0.2421875 0.1984375
0 0.509375 0.87421875 0.2890625 0.17734375
0 0.82734375 0.878125 0.2453125 0.18046875
